{
 "cells": [
  {
   "cell_type": "markdown",
   "metadata": {},
   "source": [
    "# Exercise 3: Numpy"
   ]
  },
  {
   "cell_type": "markdown",
   "metadata": {},
   "source": [
    "Perform the follwing tasks:\n"
   ]
  },
  {
   "cell_type": "code",
   "execution_count": 58,
   "metadata": {},
   "outputs": [],
   "source": [
    "#3.1: import the numpy library\n",
    "import numpy as np"
   ]
  },
  {
   "cell_type": "code",
   "execution_count": 59,
   "metadata": {},
   "outputs": [
    {
     "name": "stdout",
     "output_type": "stream",
     "text": [
      "[[0.20132774 0.3955489  0.73756903 0.11704313 0.59846908 0.7495549\n",
      "  0.56414296 0.01436745 0.94271739 0.7689952 ]\n",
      " [0.14073274 0.38966836 0.60268969 0.34336122 0.37812591 0.83213065\n",
      "  0.32217966 0.79089881 0.25047905 0.57662199]\n",
      " [0.68085536 0.84954131 0.99797816 0.32039561 0.98530656 0.55603655\n",
      "  0.61892563 0.78307174 0.80564167 0.62553662]\n",
      " [0.85406884 0.13843851 0.12382753 0.52990823 0.87922332 0.55071339\n",
      "  0.59508948 0.90300846 0.01083427 0.92578113]\n",
      " [0.59171442 0.15203587 0.00539126 0.59661084 0.26385849 0.33025662\n",
      "  0.33574899 0.89060483 0.15775754 0.47409909]\n",
      " [0.7452955  0.23965847 0.2844742  0.02854747 0.06470788 0.35915499\n",
      "  0.12781487 0.68214789 0.73406935 0.92438392]\n",
      " [0.09614566 0.04022471 0.59581535 0.37651468 0.95779238 0.91426622\n",
      "  0.47125883 0.87837424 0.44893293 0.11052874]\n",
      " [0.07377082 0.76080733 0.61094004 0.35953887 0.4077468  0.39277609\n",
      "  0.97082246 0.74960381 0.19537324 0.26505586]\n",
      " [0.70072692 0.34936605 0.76755762 0.73340191 0.0941251  0.31785985\n",
      "  0.71898973 0.56389989 0.35125842 0.95403813]\n",
      " [0.9882446  0.74664837 0.171241   0.27330917 0.53369899 0.79145471\n",
      "  0.65816754 0.18594238 0.94523389 0.53540499]]\n"
     ]
    }
   ],
   "source": [
    "#3.2: create a random 10x10 array named A\n",
    "A = np.random.rand(10,10)\n",
    "print(A)"
   ]
  },
  {
   "cell_type": "code",
   "execution_count": 60,
   "metadata": {},
   "outputs": [
    {
     "name": "stdout",
     "output_type": "stream",
     "text": [
      "[1 3 5 7 9]\n",
      "[array([0.14073274, 0.38966836, 0.60268969, 0.34336122, 0.37812591,\n",
      "       0.83213065, 0.32217966, 0.79089881, 0.25047905, 0.57662199]), array([0.85406884, 0.13843851, 0.12382753, 0.52990823, 0.87922332,\n",
      "       0.55071339, 0.59508948, 0.90300846, 0.01083427, 0.92578113]), array([0.7452955 , 0.23965847, 0.2844742 , 0.02854747, 0.06470788,\n",
      "       0.35915499, 0.12781487, 0.68214789, 0.73406935, 0.92438392]), array([0.07377082, 0.76080733, 0.61094004, 0.35953887, 0.4077468 ,\n",
      "       0.39277609, 0.97082246, 0.74960381, 0.19537324, 0.26505586]), array([0.9882446 , 0.74664837, 0.171241  , 0.27330917, 0.53369899,\n",
      "       0.79145471, 0.65816754, 0.18594238, 0.94523389, 0.53540499])]\n",
      "True\n"
     ]
    }
   ],
   "source": [
    "#3.3: return only the odd rows of A\n",
    "odd_rows = list()\n",
    "odd = np.arange(1, 10, 2)\n",
    "print(odd)\n",
    "for i in odd:\n",
    "    odd_rows.append(A[i])\n",
    "print(odd_rows)\n",
    "\n",
    "# easier solution:\n",
    "odd_rows_easy = A[1:10:2]\n",
    "print((odd_rows == odd_rows_easy).all()) #True, same result"
   ]
  },
  {
   "cell_type": "code",
   "execution_count": 61,
   "metadata": {},
   "outputs": [
    {
     "name": "stdout",
     "output_type": "stream",
     "text": [
      "[[3.47323012 2.38987296 3.85408386 2.38986267 1.37403523 2.25071131\n",
      "  2.56398317 2.29337269 2.70432083 3.2420135 ]\n",
      " [2.38987296 2.61275287 3.35483587 2.66389622 1.85064853 2.00043655\n",
      "  2.66324925 2.38693808 2.56499886 2.39206907]\n",
      " [3.85408386 3.35483587 5.60052874 3.82826039 2.50105432 3.05045561\n",
      "  3.67728582 3.5526809  3.81071229 4.18095518]\n",
      " [2.38986267 2.66389622 3.82826039 4.14779753 2.7017419  2.53052595\n",
      "  2.8874021  2.51143699 3.2124276  3.08401711]\n",
      " [1.37403523 1.85064853 2.50105432 2.7017419  2.06346689 1.83618369\n",
      "  1.90924857 1.76446193 2.29058537 2.05399555]\n",
      " [2.25071131 2.00043655 3.05045561 2.53052595 1.83618369 2.70282734\n",
      "  1.74301366 1.6126846  2.58182209 2.69053101]\n",
      " [2.56398317 2.66324925 3.67728582 2.8874021  1.90924857 1.74301366\n",
      "  3.46825377 2.51966091 2.29293053 2.52177373]\n",
      " [2.29337269 2.38693808 3.5526809  2.51143699 1.76446193 1.6126846\n",
      "  2.51966091 3.0201438  2.65555136 2.47725354]\n",
      " [2.70432083 2.56499886 3.81071229 3.2124276  2.29058537 2.58182209\n",
      "  2.29293053 2.65555136 3.71849288 3.00791885]\n",
      " [3.2420135  2.39206907 4.18095518 3.08401711 2.05399555 2.69053101\n",
      "  2.52177373 2.47725354 3.00791885 4.1972524 ]]\n"
     ]
    }
   ],
   "source": [
    "#3.4: perform a matrix multiplication of A with it's transposed\n",
    "matrix_A = np.matrix(A)\n",
    "multiplied_A = matrix_A * matrix_A.T\n",
    "print(multiplied_A)"
   ]
  },
  {
   "cell_type": "code",
   "execution_count": 62,
   "metadata": {},
   "outputs": [
    {
     "name": "stdout",
     "output_type": "stream",
     "text": [
      "[[-1.76221800e+00 -1.63363946e-01  5.20043466e-02  3.82143310e-01\n",
      "  -1.91499820e+00  5.07595761e-01  7.63756842e-01 -4.17748873e-01\n",
      "   1.03016091e+00  1.01830802e+00]\n",
      " [ 2.35155132e-01  1.03029517e+00  8.32707797e-01 -2.72935233e-01\n",
      "   9.80217665e-01 -7.17062977e-01 -1.43628599e+00  1.32360759e-01\n",
      "  -8.37564556e-01  1.45166104e-01]\n",
      " [-1.00967301e+00  2.27393600e-01  4.13010505e-01 -1.15003310e-01\n",
      "  -1.80418771e+00  2.23153649e-01  7.27563697e-01 -3.32777850e-01\n",
      "   1.20641457e+00 -1.24229345e-03]\n",
      " [ 1.08688038e+00  1.85027235e-01  4.88105943e-01 -7.94978339e-01\n",
      "   2.77524976e+00 -1.62144565e+00 -6.69056023e-01 -8.31980490e-01\n",
      "   1.34820140e-01 -3.04267208e-01]\n",
      " [ 7.25851194e-01 -3.87074110e-01  7.95016936e-01  5.51100154e-01\n",
      "   6.48524902e-01 -6.53716158e-01 -2.65477067e-01 -3.04168614e-01\n",
      "  -7.30902294e-01 -4.45266970e-01]\n",
      " [-6.48781609e-01  1.32215106e+00 -8.12344861e-01  1.22264165e-01\n",
      "  -1.18965439e+00 -1.79168081e-02  5.06289533e-01 -2.54612650e-01\n",
      "   2.40506151e-01  9.22929837e-01]\n",
      " [-1.36563141e-01 -1.17232699e+00 -1.09727542e+00  4.42497086e-01\n",
      "  -1.13451339e+00  5.96086953e-01  7.77908485e-01  1.31503535e+00\n",
      "   4.80227367e-01  2.83711766e-01]\n",
      " [-3.72971137e-01 -1.32429015e-01 -1.17826003e-02 -1.70922765e-01\n",
      "   3.81747127e-01  7.92422459e-01  3.29695867e-01  5.09525681e-01\n",
      "  -3.66521416e-01 -3.85735596e-01]\n",
      " [ 1.12565859e+00 -9.73967624e-01  1.05443955e-01 -9.24783661e-01\n",
      "   1.69962569e+00  2.71953347e-01  1.26786965e-01  1.10217346e-02\n",
      "  -4.64348780e-01 -2.70702613e-01]\n",
      " [ 1.23847257e+00  3.35566352e-01 -6.33425519e-02  5.35850485e-01\n",
      "   7.01659515e-01  9.42561637e-03 -1.07632515e+00 -1.57656631e-02\n",
      "  -4.58321978e-01 -7.15907262e-01]]\n"
     ]
    }
   ],
   "source": [
    "#3.5: compute the matrix inverse of A\n",
    "inverse_A = matrix_A.I\n",
    "print(inverse_A)"
   ]
  },
  {
   "cell_type": "code",
   "execution_count": 63,
   "metadata": {},
   "outputs": [],
   "source": [
    "#3.6: divide all entries of A which are lager than 0.5 by 2 (hint: use where() )"
   ]
  },
  {
   "cell_type": "code",
   "execution_count": 66,
   "metadata": {},
   "outputs": [
    {
     "name": "stdout",
     "output_type": "stream",
     "text": [
      "Before: \n",
      "[[0.20132774 0.3955489  0.73756903 0.11704313 0.59846908 0.7495549\n",
      "  0.56414296 0.01436745 0.94271739 0.7689952 ]\n",
      " [0.14073274 0.38966836 0.60268969 0.34336122 0.37812591 0.83213065\n",
      "  0.32217966 0.79089881 0.25047905 0.57662199]\n",
      " [0.68085536 0.84954131 0.99797816 0.32039561 0.98530656 0.55603655\n",
      "  0.61892563 0.78307174 0.80564167 0.62553662]\n",
      " [0.85406884 0.13843851 0.12382753 0.52990823 0.87922332 0.55071339\n",
      "  0.59508948 0.90300846 0.01083427 0.92578113]\n",
      " [0.59171442 0.15203587 0.00539126 0.59661084 0.26385849 0.33025662\n",
      "  0.33574899 0.89060483 0.15775754 0.47409909]\n",
      " [0.7452955  0.23965847 0.2844742  0.02854747 0.06470788 0.35915499\n",
      "  0.12781487 0.68214789 0.73406935 0.92438392]\n",
      " [0.09614566 0.04022471 0.59581535 0.37651468 0.95779238 0.91426622\n",
      "  0.47125883 0.87837424 0.44893293 0.11052874]\n",
      " [0.07377082 0.76080733 0.61094004 0.35953887 0.4077468  0.39277609\n",
      "  0.97082246 0.74960381 0.19537324 0.26505586]\n",
      " [0.70072692 0.34936605 0.76755762 0.73340191 0.0941251  0.31785985\n",
      "  0.71898973 0.56389989 0.35125842 0.95403813]\n",
      " [0.9882446  0.74664837 0.171241   0.27330917 0.53369899 0.79145471\n",
      "  0.65816754 0.18594238 0.94523389 0.53540499]]\n",
      "Entries larger than 0.5: \n",
      "[0.73756903 0.59846908 0.7495549  0.56414296 0.94271739 0.7689952\n",
      " 0.60268969 0.83213065 0.79089881 0.57662199 0.68085536 0.84954131\n",
      " 0.99797816 0.98530656 0.55603655 0.61892563 0.78307174 0.80564167\n",
      " 0.62553662 0.85406884 0.52990823 0.87922332 0.55071339 0.59508948\n",
      " 0.90300846 0.92578113 0.59171442 0.59661084 0.89060483 0.7452955\n",
      " 0.68214789 0.73406935 0.92438392 0.59581535 0.95779238 0.91426622\n",
      " 0.87837424 0.76080733 0.61094004 0.97082246 0.74960381 0.70072692\n",
      " 0.76755762 0.73340191 0.71898973 0.56389989 0.95403813 0.9882446\n",
      " 0.74664837 0.53369899 0.79145471 0.65816754 0.94523389 0.53540499]\n",
      "Entries larger than 0.5, devided by 2: \n",
      "[0.36878451 0.29923454 0.37477745 0.28207148 0.47135869 0.3844976\n",
      " 0.30134485 0.41606532 0.3954494  0.28831099 0.34042768 0.42477066\n",
      " 0.49898908 0.49265328 0.27801828 0.30946282 0.39153587 0.40282083\n",
      " 0.31276831 0.42703442 0.26495411 0.43961166 0.27535669 0.29754474\n",
      " 0.45150423 0.46289057 0.29585721 0.29830542 0.44530242 0.37264775\n",
      " 0.34107395 0.36703467 0.46219196 0.29790768 0.47889619 0.45713311\n",
      " 0.43918712 0.38040366 0.30547002 0.48541123 0.37480191 0.35036346\n",
      " 0.38377881 0.36670096 0.35949487 0.28194994 0.47701907 0.4941223\n",
      " 0.37332418 0.26684949 0.39572736 0.32908377 0.47261695 0.26770249]\n",
      "After: \n",
      "[[0.20132774 0.3955489  0.36878451 0.11704313 0.29923454 0.37477745\n",
      "  0.28207148 0.01436745 0.47135869 0.3844976 ]\n",
      " [0.14073274 0.38966836 0.30134485 0.34336122 0.37812591 0.41606532\n",
      "  0.32217966 0.3954494  0.25047905 0.28831099]\n",
      " [0.34042768 0.42477066 0.49898908 0.32039561 0.49265328 0.27801828\n",
      "  0.30946282 0.39153587 0.40282083 0.31276831]\n",
      " [0.42703442 0.13843851 0.12382753 0.26495411 0.43961166 0.27535669\n",
      "  0.29754474 0.45150423 0.01083427 0.46289057]\n",
      " [0.29585721 0.15203587 0.00539126 0.29830542 0.26385849 0.33025662\n",
      "  0.33574899 0.44530242 0.15775754 0.47409909]\n",
      " [0.37264775 0.23965847 0.2844742  0.02854747 0.06470788 0.35915499\n",
      "  0.12781487 0.34107395 0.36703467 0.46219196]\n",
      " [0.09614566 0.04022471 0.29790768 0.37651468 0.47889619 0.45713311\n",
      "  0.47125883 0.43918712 0.44893293 0.11052874]\n",
      " [0.07377082 0.38040366 0.30547002 0.35953887 0.4077468  0.39277609\n",
      "  0.48541123 0.37480191 0.19537324 0.26505586]\n",
      " [0.35036346 0.34936605 0.38377881 0.36670096 0.0941251  0.31785985\n",
      "  0.35949487 0.28194994 0.35125842 0.47701907]\n",
      " [0.4941223  0.37332418 0.171241   0.27330917 0.26684949 0.39572736\n",
      "  0.32908377 0.18594238 0.47261695 0.26770249]]\n"
     ]
    }
   ],
   "source": [
    "B = np.copy(A)\n",
    "print(\"Before: \")\n",
    "print(B)\n",
    "mask = (B > 0.5)\n",
    "print(\"Entries larger than 0.5: \")\n",
    "print(B[mask])\n",
    "B[mask] = B[mask]/2\n",
    "print(\"Entries larger than 0.5, devided by 2: \")\n",
    "print(B[mask])\n",
    "print(\"After: \")\n",
    "print(B)"
   ]
  }
 ],
 "metadata": {
  "kernelspec": {
   "display_name": "Python 3",
   "language": "python",
   "name": "python3"
  },
  "language_info": {
   "codemirror_mode": {
    "name": "ipython",
    "version": 3
   },
   "file_extension": ".py",
   "mimetype": "text/x-python",
   "name": "python",
   "nbconvert_exporter": "python",
   "pygments_lexer": "ipython3",
   "version": "3.7.6"
  }
 },
 "nbformat": 4,
 "nbformat_minor": 4
}
